%YAML:1.0
---
K: !!opencv-matrix
   rows: 3
   cols: 3
   dt: d
   data: [ 5.9530702679522369e+02, 0., 3.1360792583403008e+02, 0.,
       6.3713263467472655e+02, 2.0846175612806391e+02, 0., 0., 1. ]
D: !!opencv-matrix
   rows: 1
   cols: 5
   dt: d
   data: [ -1.1745176154677266e+00, 1.7556274623941732e+00,
       2.3758699457523076e-02, 1.7669597105469413e-02,
       -1.8449672251786422e+00 ]
